####### ortho-NH2D J=1_01-1_11 #######
'o-1_01-1_11_01': 85.924691e9 0.01310             
'o-1_01-1_11_02': 85.924749e9 0.06187             
'o-1_01-1_11_03': 85.924781e9 0.03562             
'o-1_01-1_11_04': 85.925273e9 0.00016             
'o-1_01-1_11_05': 85.925370e9 0.00035             
'o-1_01-1_11_06': 85.925644e9 0.01595             
'o-1_01-1_11_07': 85.925662e9 0.01758             
'o-1_01-1_11_08': 85.925688e9 0.05965             
'o-1_01-1_11_09': 85.925694e9 0.04054             
'o-1_01-1_11_10': 85.925702e9 0.00064             
'o-1_01-1_11_11': 85.925734e9 0.00556             
'o-1_01-1_11_12': 85.926186e9 0.09296             
'o-1_01-1_11_13': 85.926191e9 0.00000             
'o-1_01-1_11_14': 85.926212e9 0.02677             
'o-1_01-1_11_15': 85.926225e9 0.02341             
'o-1_01-1_11_16': 85.926243e9 0.00798             
'o-1_01-1_11_17': 85.926244e9 0.01984             
'o-1_01-1_11_18': 85.926270e9 0.17288             
'o-1_01-1_11_19': 85.926282e9 0.03609             
'o-1_01-1_11_20': 85.926284e9 0.01423             
'o-1_01-1_11_21': 85.926288e9 0.01265             
'o-1_01-1_11_22': 85.926301e9 0.00934             
'o-1_01-1_11_23': 85.926314e9 0.01131             
'o-1_01-1_11_24': 85.926323e9 0.06547             
'o-1_01-1_11_25': 85.926333e9 0.00541             
'o-1_01-1_11_26': 85.926806e9 0.00769             
'o-1_01-1_11_27': 85.926825e9 0.03419             
'o-1_01-1_11_28': 85.926864e9 0.06657             
'o-1_01-1_11_29': 85.926877e9 0.01395             
'o-1_01-1_11_30': 85.926904e9 0.00325             
'o-1_01-1_11_31': 85.926922e9 0.01385             
'o-1_01-1_11_32': 85.927104e9 0.00002             
'o-1_01-1_11_33': 85.927143e9 0.00006             
'o-1_01-1_11_34': 85.927698e9 0.01043             
'o-1_01-1_11_35': 85.927724e9 0.06026             
'o-1_01-1_11_36': 85.927743e9 0.04034      
